[645 143]
[646 142]
[647 142]
[648 142]
[649 142]
[650 142]
[651 142]
[652 142]
[653 142]
[654 142]
[655 142]
[656 142]
[657 142]
[658 142]
[659 142]
[660 142]
[661 142]
[662 142]
[663 142]
[664 142]
[665 142]
[666 142]
[667 142]
[668 142]
[669 142]
[670 142]
[671 142]
[672 142]
[673 142]
[674 142]
[675 142]
[676 142]
[677 142]
[678 142]
[679 142]
[680 142]
[681 142]
[682 142]
[683 142]
[684 142]
[685 142]
[686 142]
[687 142]
[688 142]
[689 142]
[690 142]
[691 142]
[692 142]
[693 142]
[694 142]
[695 142]
[696 142]
[697 142]
[698 142]
[699 142]
[700 142]
[701 142]
[702 142]
[703 142]
[704 142]
[705 142]
[706 142]
[707 142]
[708 142]
[709 142]
[710 142]
[711 142]
[712 143]
[712 144]
[712 145]
[712 146]
[712 147]
[712 148]
[712 149]
[712 150]
[712 151]
[712 152]
[712 153]
[712 154]
[712 155]
[712 156]
[711 157]
[710 157]
[709 157]
[708 157]
[707 157]
[706 157]
[705 157]
[704 157]
[703 157]
[702 157]
[701 157]
[700 157]
[699 157]
[698 157]
[697 157]
[696 157]
[695 157]
[694 157]
[693 157]
[692 157]
[691 157]
[690 157]
[689 157]
[688 157]
[687 157]
[686 157]
[685 157]
[684 157]
[683 157]
[682 157]
[681 157]
[680 157]
[679 157]
[678 157]
[677 157]
[676 157]
[675 157]
[674 157]
[673 157]
[672 157]
[671 157]
[670 157]
[669 157]
[668 157]
[667 157]
[666 157]
[665 157]
[664 157]
[663 157]
[662 157]
[661 157]
[660 157]
[659 157]
[658 157]
[657 157]
[656 157]
[655 157]
[654 157]
[653 157]
[652 157]
[651 157]
[650 157]
[649 157]
[648 157]
[647 157]
[646 157]
[645 157]
[644 157]
[643 157]
[642 157]
[641 157]
[640 157]
[639 157]
[638 157]
[637 157]
[636 157]
[635 157]
[634 157]
[633 157]
[632 158]
[631 158]
[630 158]
[629 158]
[628 158]
[627 158]
[626 158]
[625 158]
[624 158]
[623 158]
[622 158]
[621 158]
[620 158]
[619 158]
[618 158]
[617 158]
[616 158]
[615 158]
[614 158]
[613 158]
[612 158]
[611 158]
[610 158]
[609 158]
[608 158]
[607 158]
[606 158]
[605 158]
[604 158]
[603 158]
[602 158]
[601 158]
[600 158]
[599 158]
[598 158]
[597 158]
[596 158]
[595 158]
[594 158]
[593 158]
[592 158]
[591 158]
[590 158]
[589 158]
[588 158]
[587 158]
[586 158]
[585 158]
[584 158]
[583 158]
[582 158]
[581 158]
[580 158]
[579 158]
[578 158]
[577 158]
[576 158]
[575 158]
[574 158]
[573 158]
[572 158]
[571 158]
[570 158]
[569 158]
[568 158]
[567 158]
[566 158]
[565 158]
[564 158]
[563 158]
[562 158]
[561 158]
[560 158]
[559 158]
[558 158]
[557 158]
[556 158]
[555 158]
[554 158]
[553 158]
[552 158]
[551 158]
[550 158]
[549 158]
[548 158]
[547 158]
[546 158]
[545 158]
[544 158]
[543 158]
[542 158]
[541 158]
[540 158]
[539 158]
[538 158]
[537 158]
[536 158]
[535 158]
[534 158]
[533 158]
[532 158]
[531 158]
[530 158]
[529 158]
[528 158]
[527 158]
[526 158]
[525 158]
[524 158]
[523 158]
[522 158]
[521 158]
[520 158]
[519 158]
[518 158]
[517 158]
[516 158]
[515 158]
[514 158]
[513 158]
[512 158]
[511 158]
[510 158]
[509 158]
[508 158]
[507 158]
[506 158]
[505 158]
[504 158]
[503 158]
[502 158]
[501 158]
[500 158]
[499 158]
[498 158]
[497 158]
[496 158]
[495 158]
[494 158]
[493 158]
[492 158]
[491 158]
[490 158]
[489 158]
[488 158]
[487 158]
[486 158]
[485 158]
[484 158]
[483 158]
[482 158]
[481 158]
[480 158]
[479 158]
[478 158]
[477 158]
[476 158]
[475 158]
[474 158]
[473 158]
[472 158]
[471 158]
[470 158]
[469 158]
[468 158]
[467 158]
[466 158]
[465 158]
[464 159]
[463 159]
[462 158]
[461 159]
[460 159]
[459 159]
[458 159]
[457 159]
[456 159]
[455 159]
[454 159]
[453 159]
[452 159]
[451 159]
[450 159]
[449 159]
[448 159]
[447 159]
[446 159]
[445 159]
[444 159]
[443 159]
[442 159]
[441 159]
[440 159]
[439 159]
[438 159]
[437 159]
[436 159]
[435 159]
[434 159]
[433 159]
[432 159]
[431 159]
[430 159]
[429 159]
[428 159]
[427 159]
[426 159]
[425 159]
[424 159]
[423 159]
[422 159]
[421 159]
[420 159]
[419 159]
[418 159]
[417 159]
[416 159]
[415 159]
[414 159]
[413 159]
[412 159]
[411 159]
[410 159]
[409 159]
[408 159]
[407 159]
[406 159]
[405 159]
[404 159]
[403 159]
[402 159]
[401 159]
[400 159]
[399 159]
[398 159]
[397 159]
[396 159]
[395 159]
[394 159]
[393 159]
[392 159]
[391 159]
[390 159]
[389 159]
[388 159]
[387 159]
[386 159]
[385 159]
[384 159]
[383 159]
[382 159]
[381 159]
[380 159]
[379 159]
[378 159]
[377 159]
[376 159]
[375 159]
[374 159]
[373 159]
[372 159]
[371 159]
[370 159]
[369 159]
[368 159]
[367 159]
[366 159]
[365 159]
[364 159]
[363 159]
[362 159]
[361 159]
[360 159]
[359 159]
[358 159]
[357 159]
[356 159]
[355 159]
[354 159]
[353 159]
[352 159]
[351 159]
[350 159]
[349 159]
[348 159]
[347 159]
[346 159]
[345 159]
[344 159]
[343 159]
[342 159]
[341 159]
[340 159]
[339 159]
[338 159]
[337 159]
[336 159]
[335 159]
[334 159]
[333 159]
[332 159]
[331 159]
[330 159]
[329 159]
[328 159]
[327 159]
[326 159]
[325 159]
[324 159]
[323 159]
[322 159]
[321 159]
[320 159]
[319 159]
[318 159]
[317 159]
[316 159]
[315 159]
[314 159]
[313 159]
[312 159]
[311 159]
[310 159]
[309 159]
[308 159]
[307 159]
[306 159]
[305 159]
[304 159]
[303 159]
[302 159]
[301 159]
[300 159]
[299 159]
[298 159]
[297 159]
[296 159]
[295 159]
[294 159]
[293 159]
[292 159]
[291 159]
[290 159]
[289 159]
[288 159]
[287 160]
[286 159]
[285 160]
[284 160]
[283 160]
[282 160]
[281 160]
[280 160]
[279 160]
[278 160]
[277 160]
[276 160]
[275 160]
[274 160]
[273 160]
[272 160]
[271 160]
[270 160]
[269 160]
[268 160]
[267 160]
[266 160]
[265 160]
[264 160]
[263 160]
[262 160]
[261 160]
[260 160]
[259 160]
[258 160]
[257 160]
[256 160]
[255 160]
[254 160]
[253 160]
[252 160]
[251 160]
[250 160]
[249 160]
[248 160]
[247 160]
[246 160]
[245 160]
[244 160]
[243 160]
[242 160]
[241 160]
[240 160]
[239 160]
[238 160]
[237 160]
[236 160]
[235 160]
[234 160]
[233 160]
[232 160]
[231 160]
[230 160]
[229 160]
[228 160]
[227 160]
[226 160]
[225 160]
[224 160]
[223 160]
[222 160]
[221 160]
[220 160]
[219 160]
[218 160]
[217 160]
[216 160]
[215 160]
[214 160]
[213 160]
[212 160]
[211 160]
[210 160]
[209 160]
[208 160]
[207 160]
[206 160]
[205 160]
[204 159]
[204 158]
[204 157]
[204 156]
[204 155]
[204 154]
[204 153]
[204 152]
[204 151]
[204 150]
[204 149]
[204 148]
[204 147]
[204 146]
[205 145]
[206 145]
[207 145]
[208 145]
[209 145]
[210 145]
[211 145]
[212 145]
[213 145]
[214 145]
[215 145]
[216 145]
[217 145]
[218 145]
[219 145]
[220 145]
[221 145]
[222 145]
[223 145]
[224 145]
[225 145]
[226 145]
[227 145]
[228 145]
[229 145]
[230 145]
[231 145]
[232 145]
[233 145]
[234 145]
[235 145]
[236 145]
[237 145]
[238 145]
[239 145]
[240 145]
[241 145]
[242 145]
[243 145]
[244 145]
[245 145]
[246 145]
[247 145]
[248 145]
[249 145]
[250 145]
[251 145]
[252 145]
[253 145]
[254 145]
[255 145]
[256 145]
[257 145]
[258 145]
[259 145]
[260 145]
[261 145]
[262 145]
[263 145]
[264 145]
[265 145]
[266 145]
[267 145]
[268 145]
[269 145]
[270 145]
[271 145]
[272 145]
[273 145]
[274 145]
[275 145]
[276 145]
[277 145]
[278 145]
[279 145]
[280 145]
[281 145]
[282 145]
[283 145]
[284 145]
[285 145]
[286 145]
[287 145]
[288 145]
[289 145]
[290 145]
[291 145]
[292 145]
[293 145]
[294 145]
[295 145]
[296 145]
[297 145]
[298 145]
[299 145]
[300 145]
[301 145]
[302 145]
[303 145]
[304 145]
[305 145]
[306 145]
[307 145]
[308 145]
[309 145]
[310 145]
[311 145]
[312 145]
[313 145]
[314 145]
[315 145]
[316 145]
[317 145]
[318 145]
[319 145]
[320 145]
[321 145]
[322 145]
[323 145]
[324 145]
[325 145]
[326 145]
[327 145]
[328 145]
[329 145]
[330 145]
[331 145]
[332 145]
[333 145]
[334 144]
[335 144]
[336 144]
[337 144]
[338 144]
[339 144]
[340 144]
[341 144]
[342 144]
[343 144]
[344 144]
[345 144]
[346 144]
[347 144]
[348 144]
[349 144]
[350 144]
[351 144]
[352 144]
[353 144]
[354 144]
[355 144]
[356 144]
[357 144]
[358 144]
[359 144]
[360 144]
[361 144]
[362 144]
[363 144]
[364 144]
[365 144]
[366 144]
[367 144]
[368 144]
[369 144]
[370 144]
[371 144]
[372 144]
[373 144]
[374 144]
[375 144]
[376 144]
[377 144]
[378 144]
[379 144]
[380 144]
[381 144]
[382 144]
[383 144]
[384 144]
[385 144]
[386 144]
[387 144]
[388 144]
[389 144]
[390 144]
[391 144]
[392 144]
[393 144]
[394 144]
[395 144]
[396 144]
[397 144]
[398 144]
[399 144]
[400 144]
[401 144]
[402 144]
[403 144]
[404 144]
[405 144]
[406 144]
[407 144]
[408 144]
[409 144]
[410 144]
[411 144]
[412 144]
[413 144]
[414 144]
[415 144]
[416 144]
[417 144]
[418 144]
[419 144]
[420 144]
[421 144]
[422 144]
[423 144]
[424 144]
[425 144]
[426 144]
[427 144]
[428 144]
[429 144]
[430 144]
[431 144]
[432 144]
[433 144]
[434 144]
[435 144]
[436 144]
[437 144]
[438 144]
[439 144]
[440 144]
[441 144]
[442 144]
[443 144]
[444 144]
[445 144]
[446 144]
[447 144]
[448 144]
[449 144]
[450 144]
[451 144]
[452 144]
[453 144]
[454 144]
[455 144]
[456 144]
[457 144]
[458 144]
[459 144]
[460 144]
[461 144]
[462 144]
[463 144]
[464 144]
[465 144]
[466 144]
[467 144]
[468 144]
[469 144]
[470 144]
[471 144]
[472 144]
[473 144]
[474 144]
[475 144]
[476 144]
[477 144]
[478 144]
[479 144]
[480 144]
[481 144]
[482 144]
[483 144]
[484 144]
[485 143]
[486 144]
[487 143]
[488 143]
[489 143]
[490 143]
[491 143]
[492 143]
[493 143]
[494 143]
[495 143]
[496 143]
[497 143]
[498 143]
[499 143]
[500 143]
[501 143]
[502 143]
[503 143]
[504 143]
[505 143]
[506 143]
[507 143]
[508 143]
[509 143]
[510 143]
[511 143]
[512 143]
[513 143]
[514 143]
[515 143]
[516 143]
[517 143]
[518 143]
[519 143]
[520 143]
[521 143]
[522 143]
[523 143]
[524 143]
[525 143]
[526 143]
[527 143]
[528 143]
[529 143]
[530 143]
[531 143]
[532 143]
[533 143]
[534 143]
[535 143]
[536 143]
[537 143]
[538 143]
[539 143]
[540 143]
[541 143]
[542 143]
[543 143]
[544 143]
[545 143]
[546 143]
[547 143]
[548 143]
[549 143]
[550 143]
[551 143]
[552 143]
[553 143]
[554 143]
[555 143]
[556 143]
[557 143]
[558 143]
[559 143]
[560 143]
[561 143]
[562 143]
[563 143]
[564 143]
[565 143]
[566 143]
[567 143]
[568 143]
[569 143]
[570 143]
[571 143]
[572 143]
[573 143]
[574 143]
[575 143]
[576 143]
[577 143]
[578 143]
[579 143]
[580 143]
[581 143]
[582 143]
[583 143]
[584 143]
[585 143]
[586 143]
[587 143]
[588 143]
[589 143]
[590 143]
[591 143]
[592 143]
[593 143]
[594 143]
[595 143]
[596 143]
[597 143]
[598 143]
[599 143]
[600 143]
[601 143]
[602 143]
[603 143]
[604 143]
[605 143]
[606 143]
[607 143]
[608 143]
[609 143]
[610 143]
[611 143]
[612 143]
[613 143]
[614 143]
[615 143]
[616 143]
[617 143]
[618 143]
[619 143]
[620 143]
[621 143]
[622 143]
[623 143]
[624 143]
[625 143]
[626 143]
[627 143]
[628 143]
[629 143]
[630 143]
[631 143]
[632 143]
[633 143]
[634 143]
[635 143]
[636 143]
[637 143]
[638 143]
[639 143]
[640 143]
[641 143]
[642 143]
[643 143]
[644 143]
