So27D_28,673,851,612,1224
So27G_28,2068,1174,2042,1549
So21D_28,647,857,584,1222
So21G_28,1843,941,1875,1317
So11D_28,636,865,592,1256
So08D_28,689,762,605,1142
So08G_28,2091,1032,2044,1416
So05D_28,878,1234,970,1596
So05G_28,1917,1048,1912,1419
So37D_28,599,908,542,1291
So37G_28,2032,929,2030,1320
So38G_22,1936,862,2030,1244
So24G_22,2268,934,2298,1340
So24D_22,656,904,589,1304
So13G_22,2160,1043,2128,1455
So13D_22,427,895,391,1274
So06G_22,2195,899,2239,1315
So08G_22,1990,1040,1922,1457
So43G_22,2084,821,2146,1272
So27D_16,357,877,281,1358
So24G_16,2330,882,2398,1350
So23G_16,2246,984,2286,1426
So13G_16,2357,1037,2420,1517
So06D_16,290,933,201,1395
So29D_16,304,935,208,1396
S20G_28,1976,987,1956,1365
S37G_28,2155,862,2167,1227
S14D_28,628,1013,608,1377
S06D_28,604,1124,599,1480
S42G_28,2081,717,2137,1101
S44D_28,631,905,572,1303
S35D_22,505,850,393,1252
S33G_22,2243,778,2321,1180
S14G_22,2293,970,2266,1363
S14D_22,699,1269,763,1650
S20D_22,501,883,448,1307
S08D_22,441,831,351,1220
S40D_22,480,934,433,1343
S44D_22,459,793,366,1207
S29D_16,303,1074,300,1519
S36G_16,2156,1006,2142,1472
S33G_16,2283,918,2338,1371
S28G_16,2264,950,2316,1385
S42G_16,2335,1296,2289,1766
S40G_16,2224,1067,2244,1527
L07G_28,2069,972,2098,1361
L17G_28,1894,1503,1721,1824
L21G_28,1769,1189,1621,1514
L13G_28,1601,1254,1489,1556
L26D_28,665,998,681,1375
L36D_28,657,1339,724,1715
L17G_22,2283,1077,2249,1481
L13G_22,2324,1031,2368,1414
L04D_22,477,993,461,1416
L31G_22,2208,1214,2115,1640
L07G_22,2261,841,2311,1239
L02G_22,2157,944,2146,1371
L06D_16,548,1273,708,1723
L04G_16,2223,1009,2287,1465
L37G_16,2334,918,2333,1409
L09D_16,518,1272,642,1710
So38D_22,622,800,588,1199
So26D_22,548,840,435,1232
So13G_22,2161,1041,2130,1454
So08D_22,610,932,536,1340
So06D_22,456,1033,409,1446
So43D_22,331,896,359,1353
So27G_16,2330,1006,2402,1482
So24D_16,305,1046,288,1528
So23D_16,359,913,322,1363
So13D_16,340,1224,429,1715
So06G_16,2311,753,2369,1220
So29G_16,2257,899,2330,1359
S37D_28,714,796,661,1161
S20D_28,874,1007,868,1381
S14G_28,2093,1072,2067,1442
S06G_28,2184,1018,2221,1380
S44G_28,2109,823,2138,1219
S42D_28,743,1044,674,1439
S35G_22,2233,1151,2196,1564
S33D_22,488,1031,477,1431
S28D_22,398,872,385,1296
S20G_22,2325,714,2367,1142
S08G_22,2202,921,2249,1320
S44G_22,2270,796,2303,1213
S40D_22,480,934,433,1343
S33D_16,400,1198,466,1656
S29G_16,2093,1214,2035,1656
S28D_16,383,1049,379,1488
S42D_16,234,911,200,1379
S40D_16,421,1219,504,1685
S36D_16,370,1085,380,1568
L21D_28,943,1054,996,1383
L17D_28,857,1195,986,1529
L13D_28,603,1203,709,1545
L07D_28,612,992,595,1386
L36G_28,1819,1385,1638,1716
L26G_28,1768,1213,1690,1580
L07D_22,441,714,304,1113
L04G_22,2207,863,2203,1285
L02D_22,488,870,406,1289
L31D_22,448,752,367,1170
L17D_22,668,1263,763,1665
L13D_22,686,816,653,1210
L13G_16,2302,1133,2285,1601
L13D_16,364,1282,497,1717
L09G_16,2260,1148,2243,1627
L06G_16,2269,954,2254,1427
L04D_16,369,1013,409,1457
L37D_16,282,1042,295,1512
L14D_16,269,974,218,1437
L11G_16,2148,1385,2017,1819
L11D_16,343,1203,405,1661
L14G_16,2299,1046,2328,1523
L09D_28,720,802,624,1192
L37D_22,458,700,385,1130
L36G_22,2137,1028,2145,1423
L36D_22,630,846,564,1239
L35G_22,2186,1037,2162,1427
L35D_22,616,625,497,956
L26G_22,1996,1138,1974,1540
L26D_22,506,719,396,1107
L14G_22,2173,1003,2209,1393
L14D_22,706,1103,721,1499
L06G_22,2167,1030,2222,1463
L06D_22,513,897,377,1302
L01G_22,2086,1148,2117,1524
L01D_22,487,823,410,1197
L37G_22,2122,645,2227,1057
L28G_28,1862,1055,1771,1427
L28D_28,806,859,865,1247
L14G_28,2152,866,2237,1248
L14D_28,601,901,558,1296
L11G_28,2181,745,2279,1122
L11D_28,690,610,582,985
L09G_28,2107,254,2265,620
L08G_28,1836,727,1932,1066
L08D_28,711,887,592,1140
L05G_28,1771,998,1858,1352
L05D_28,722,989,657,1362
L37G_28,1922,1298,1930,1650
L37D_28,654,1057,546,1407
L31G_28,1792,664,1902,1028
L31D_28,792,914,713,1296
S08D_28,416,890,363,1251
S05G_28,2057,983,2043,1364
S05D_28,686,1072,698,1445
S40G_28,2010,1222,1926,1600
S40D_28,585,1172,591,1514
S36G_28,2128,1024,2098,1427
S36D_28,532,1030,518,1436
S35G_28,1947,1327,1804,1670
S35D_28,719,778,652,1134
S29G_28,2080,878,2086,1241
S29D_28,810,903,746,1260
S28G_28,2222,863,2253,1230
S28D_28,645,843,547,1202
S24G_28,2166,1373,2079,1739
S24D_28,583,794,492,1162
S17G_28,1986,825,2030,1166
S17D_28,660,940,657,1289
S08G_28,1960,1192,1911,1545
S05G_22,2121,935,2148,1354
S05D_22,566,807,544,1227
S42G_22,2141,1035,2160,1458
S42D_22,552,956,509,1375
S40G_22,2026,890,2079,1302
S36G_22,2075,1216,2031,1647
S36D_22,501,917,452,1339
S29G_22,2140,889,2235,1295
S29D_22,330,837,270,1243
S24G_22,2157,893,2146,1295
S24D_22,569,828,514,1214
S17G_22,2128,977,2154,1375
S17D_22,553,986,500,1368
S07D_16,398,1110,401,1572
S05G_16,2268,1243,2183,1701
S05D_16,233,920,198,1410
S44G_16,2355,735,2414,1194
S44D_16,360,1045,402,1503
S37G_16,2294,1156,2213,1592
S37D_16,396,1067,458,1523
S35G_16,2313,1070,2235,1544
S35D_16,334,1147,450,1633
S24G_16,2344,1016,2337,1467
S24D_16,347,855,274,1292
S20G_16,2203,1321,2076,1762
S20D_16,507,1291,620,1739
S07G_16,2272,1111,2277,1566
So43D_28,754,1072,769,1462
So42G_28,2003,1011,2032,1369
So42D_28,571,1020,502,1375
So38G_28,2111,984,2102,1370
So38D_28,600,714,546,1099
So29G_28,2202,1230,2079,1595
So29D_28,840,1229,873,1600
So28G_28,2066,1055,1999,1422
So28D_28,552,1142,598,1516
So24G_28,2121,1159,2023,1509
So24D_28,553,1005,558,1371
So23G_28,1910,1073,1838,1452
So23D_28,775,1012,795,1408
So17G_28,2017,966,2051,1344
So17D_28,500,952,470,1331
So13G_28,2039,991,2045,1382
So13D_28,722,881,631,1262
So43G_28,1916,827,1959,1210
So29D_22,476,832,425,1255
So23G_22,2112,620,2164,1021
So23D_22,549,970,497,1373
So07G_22,1927,958,1939,1336
So07D_22,605,717,496,1070
So05G_22,2239,857,2301,1260
So05D_22,598,1236,659,1635
So01G_22,2005,1234,1962,1624
So01D_22,650,897,637,1299
So29G_22,2242,779,2366,1180
So42D_16,299,1100,259,1567
So31G_16,2342,1006,2379,1496
So31D_16,206,665,143,1161
So28G_16,2319,1016,2403,1483
So28D_16,283,1031,295,1514
So07G_16,2265,888,2356,1324
So07D_16,293,1026,227,1464
So05G_16,2338,1163,2336,1637
So05D_16,352,1017,310,1492
So42G_16,2356,882,2407,1343