L04D_16,375,1015,404,1456
L06D_16,550,1271,710,1724
L09D_16,520,1276,640,1709
L11D_16,345,1198,403,1663
L13D_16,366,1275,492,1717
L14D_16,271,971,223,1440
L37D_16,282,1044,304,1519
L04G_16,2222,1005,2293,1461
L06G_16,2272,952,2250,1429
L07G_16,2262,813,2285,1279
L09G_16,2260,1146,2247,1624
L11G_16,2151,1379,2007,1824
L13G_16,2304,1130,2285,1602
L14G_16,2302,1044,2322,1526
L37G_16,2334,920,2334,1408
L05D_28,717,985,658,1365
L05G_28,1775,995,1853,1357
L07D_28,614,989,594,1387
L07G_28,2071,973,2097,1360
L08D_28,711,887,591,1142
L08G_28,1832,729,1936,1063
L09D_28,721,803,617,1186
L09G_28,2108,253,2264,624
L11D_28,690,613,592,993
L11G_28,2183,742,2275,1126
L13D_28,601,1201,700,1544
L13G_28,1601,1253,1491,1556
L14D_28,602,901,560,1296
L14G_28,2153,869,2240,1247
L17D_28,858,1196,988,1530
L17G_28,1895,1503,1719,1818
L21D_28,943,1053,997,1384
L21G_28,1768,1187,1623,1514
L26D_28,666,1000,679,1375
L26G_28,1770,1211,1686,1581
L28D_28,812,859,855,1245
L28G_28,1865,1053,1761,1427
L31D_28,792,915,713,1297
L31G_28,1794,661,1900,1031
L35G_28,2065,998,2011,1359
L36D_28,658,1339,717,1713
L36G_28,1821,1383,1652,1719
L37D_28,655,1059,542,1404
L37G_28,1923,1296,1934,1649
L02G_22,2159,944,2146,1372
L02D_22,490,870,403,1287
L01G_22,2087,1148,2114,1525
L01D_22,487,823,410,1196
L04D_22,475,990,465,1417
L04G_22,2213,857,2197,1289
L05D_22,482,946,449,1377
L06D_22,515,892,383,1307
L06G_22,2171,1026,2221,1463
L07D_22,442,712,307,1114
L07G_22,2261,841,2310,1238
L08D_22,636,998,645,1409
L12D_22,469,807,423,1221
L13D_22,688,815,650,1209
L13G_22,2324,1029,2365,1417
L14G_22,2173,1002,2207,1396
L14D_22,706,1104,732,1501
L17D_22,671,1269,764,1666
L17G_22,2286,1075,2246,1485
L26G_22,1994,1139,1983,1533
L26D_22,507,720,393,1107
L31D_22,447,752,368,1169
L31G_22,2211,1209,2119,1639
L35D_22,615,621,499,959
L35G_22,2187,1037,2156,1428
L36D_22,631,850,566,1241
L36G_22,2137,1029,2151,1423
L37D_22,460,700,381,1130
L37G_22,2124,643,2226,1059
S05D_16,232,912,199,1415
S05G_16,2275,1238,2167,1704
S07D_16,398,1110,399,1570
S07G_16,2274,1111,2272,1570
S20D_16,506,1289,619,1740
S20G_16,2206,1320,2075,1762
S24D_16,346,850,273,1295
S24G_16,2344,1015,2333,1469
S28D_16,385,1044,379,1485
S28G_16,2268,949,2316,1386
S29D_16,304,1074,304,1522
S29G_16,2095,1214,2035,1654
S33D_16,402,1198,459,1657
S33G_16,2284,918,2339,1373
S35D_16,334,1145,460,1632
S35G_16,2316,1069,2227,1546
S36D_16,372,1084,380,1569
S36G_16,2157,1004,2145,1472
S37D_16,398,1067,451,1522
S37G_16,2294,1156,2210,1594
S40D_16,423,1220,502,1683
S40G_16,2228,1066,2236,1533
S41D_16,402,1011,450,1471
S41G_16,2224,902,2187,1372
S42D_16,234,909,200,1381
S42G_16,2335,1294,2286,1768
S44D_16,358,1046,406,1504
S44G_16,2360,733,2408,1200
S05D_22,568,809,543,1225
S05G_22,2124,932,2147,1355
S07D_22,622,988,569,1376
S08G_22,2203,921,2250,1320
S08D_22,443,830,351,1219
S14D_22,700,1268,760,1648
S14G_22,2297,965,2263,1366
S17G_22,2129,978,2154,1375
S17D_22,552,986,503,1370
S20D_22,502,881,452,1307
S20G_22,2324,714,2374,1137
S24G_22,2158,894,2150,1293
S24D_22,570,828,514,1216
S28D_22,396,871,382,1294
S29D_22,331,837,280,1251
S29G_22,2139,892,2239,1294
S33D_22,492,1034,471,1430
S33G_22,2244,776,2325,1181
S35G_22,2233,1149,2193,1563
S35D_22,506,852,395,1254
S36G_22,2075,1215,2033,1647
S36D_22,502,919,459,1341
S40G_22,2024,894,2083,1300
S40D_22,483,933,433,1342
S42D_22,554,958,507,1374
S42G_22,2142,1036,2162,1460
S44D_22,459,793,372,1211
S44G_22,2272,797,2308,1208
S04G_28,2010,1223,1928,1598
S05D_28,685,1071,686,1442
S05G_28,2061,979,2041,1365
S06G_28,2184,1017,2223,1379
S06D_28,607,1124,598,1477
S08D_28,417,889,366,1250
S08G_28,1960,1190,1913,1543
S14D_28,626,1013,612,1378
S14G_28,2096,1070,2065,1445
S17D_28,661,940,659,1289
S17G_28,1985,823,2035,1163
S20D_28,877,1010,867,1378
S20G_28,1977,984,1960,1364
S24G_28,2169,1372,2074,1740
S24D_28,586,795,495,1164
S28G_28,2224,863,2262,1228
S28D_28,647,846,547,1199
S29G_28,2082,879,2086,1241
S29D_28,812,905,745,1262
S33D_28,657,851,627,1240
S33G_28,2131,943,2185,1331
S35G_28,1947,1330,1800,1671
S35D_28,720,778,653,1136
S36D_28,534,1030,523,1439
S36G_28,2131,1021,2094,1428
S37D_28,714,794,659,1161
S37G_28,2154,865,2167,1228
S40D_28,580,1171,590,1512
S40G_28,2014,1221,1921,1600
S42D_28,742,1044,676,1439
S42G_28,2083,714,2140,1099
S44D_28,631,904,578,1307
S44G_28,2111,822,2136,1224
So05D_16,350,1013,314,1494
So05G_16,2343,1160,2337,1638
So06D_16,290,929,206,1399
So06G_16,2315,751,2361,1221
So07D_16,292,1024,225,1463
So07G_16,2267,885,2351,1329
So13D_16,342,1223,422,1714
So13G_16,2363,1031,2413,1523
So17D_16,275,1052,284,1523
So17G_16,2341,840,2403,1311
So23D_16,359,914,317,1360
So23G_16,2248,981,2284,1427
So24D_16,303,1044,289,1528
So24G_16,2336,879,2389,1354
So27D_16,358,876,282,1358
So27G_16,2330,1005,2401,1485
So28D_16,283,1029,289,1513
So28G_16,2326,1013,2395,1491
So29D_16,304,932,211,1401
So29G_16,2260,896,2322,1364
So31D_16,206,659,141,1159
So31G_16,2348,1003,2368,1503
So42D_16,295,1098,262,1569
So42G_16,2361,878,2400,1349
So05D_28,877,1231,963,1594
So05G_28,1917,1047,1919,1417
So06D_28,699,905,630,1292
So08D_28,690,763,600,1139
So08G_28,2095,1028,2038,1419
So11D_28,637,863,592,1255
So11G_28,2145,901,2141,1288
So13D_28,722,877,637,1267
So13G_28,2046,987,2049,1383
So17D_28,498,953,470,1331
So17G_28,2020,964,2054,1343
So21D_28,651,863,590,1227
So21G_28,1843,938,1870,1320
So23D_28,774,1010,772,1398
So23G_28,1918,1070,1830,1453
So24G_28,2122,1157,2022,1510
So24D_28,555,1006,556,1372
So26D_28,740,929,666,1295
So27D_28,676,857,616,1225
So27G_28,2071,1172,2038,1552
So28D_28,553,1143,595,1516
So28G_28,2070,1055,1997,1423
So29G_28,2203,1232,2079,1595
So29D_28,839,1227,875,1599
So37G_28,2032,930,2034,1320
So37D_28,601,910,537,1290
So38D_28,597,711,547,1100
So38G_28,2111,985,2100,1371
So42D_28,570,1020,500,1374
So42G_28,2007,1009,2026,1373
So43G_28,1915,826,1956,1212
So43D_28,753,1072,772,1464
So01D_22,648,895,639,1300
So01G_22,2007,1231,1960,1624
So05D_22,599,1235,653,1632
So05G_22,2236,858,2310,1258
So06D_22,455,1036,410,1449
So06G_22,2198,896,2239,1317
So07D_22,606,716,494,1068
So07G_22,1928,955,1938,1336
So08D_22,610,930,533,1338
So08G_22,1992,1038,1921,1459
So13D_22,427,894,393,1274
So13G_22,2165,1041,2129,1456
So17G_22,2001,1074,2001,1485
So23D_22,548,967,498,1375
So23G_22,2115,617,2163,1022
So24D_22,656,905,593,1306
So24G_22,2272,930,2294,1343
So26D_22,545,835,440,1236
So27G_22,2350,813,2339,1255
So28D_22,462,601,352,1010
So28G_22,2149,976,2161,1397
So29D_22,474,831,423,1253
So29G_22,2244,781,2368,1183
So38D_22,622,801,588,1199
So38G_22,1936,863,2030,1243
So42D_22,605,934,585,1368
So42G_22,2160,844,2288,1252
So43D_22,331,894,360,1352
So43G_22,2089,818,2135,1280